
 flag           0   1   2   3   4   5   6   7   8  

 Kinetic        1   0   1   1   1   1   1   1   1  
 Non-local      1   0   0   1   0   0   0   0   0  
 Neutral atom   1   0   0   0   1   0   0   0   0  
 diff Hartree   1   0   0   0   0   1   0   0   0  
 Ex-Corr        1   0   0   0   0   0   1   0   0  
 E. Field       1   0   0   0   0   0   0   1   0  
 Hubbard U      1   0   0   0   0   0   0   0   1  



stress_example/C2_GGA.dat
  flag= 0
  Numerical stress tensor = (Utot(s+dep)-Utot(s-dep))/(2*dep)
  dep=   0.0001000000
  Stress tensor
  Analytic stress
  0.171693830239   0.009671471923   0.038605714331 
  0.009671471923   0.001050650837   0.002171159383 
  0.038605714331   0.002171159383   0.009310921773 
  Numerical stress
  0.171817862258   0.009602799373   0.038657582202 
  0.009668192202   0.001110192622   0.002130341432 
  0.038587684568   0.002101700218   0.009312333091 
  Diff
 -0.000124032019   0.000068672549  -0.000051867871 
  0.000003279720  -0.000059541785   0.000040817950 
  0.000018029764   0.000069459164  -0.000001411318 

stress_example/C2_LDA.dat
  flag= 0
  Numerical stress tensor = (Utot(s+dep)-Utot(s-dep))/(2*dep)
  dep=   0.0001000000
  Stress tensor
  Analytic stress
  0.177719573893   0.010100265289   0.040360054985 
  0.010100265289   0.000453167616   0.002225232403 
  0.040360054985   0.002225232403   0.008851346761 
  Numerical stress
  0.177827887402   0.010053863777   0.040374966561 
  0.010081968824   0.000596790128   0.002183772203 
  0.040349057189   0.002173551534   0.008825694566 
  Diff
 -0.000108313509   0.000046401512  -0.000014911576 
  0.000018296465  -0.000143622513   0.000041460200 
  0.000010997796   0.000051680868   0.000025652195 

stress_example/CH_GGA.dat
  flag= 0
  Numerical stress tensor = (Utot(s+dep)-Utot(s-dep))/(2*dep)
  dep=   0.0001000000
  Stress tensor
  Analytic stress
 -0.274788232371  -0.459386542992  -0.367550841066 
 -0.459386542992  -0.765436541708  -0.612503849855 
 -0.367550841066  -0.612503849855  -0.489689036843 
  Numerical stress
 -0.274688184931  -0.459304377785  -0.367493876565 
 -0.459287295058  -0.765274761751  -0.612520795875 
 -0.367507748358  -0.612484882687  -0.489598168123 
  Diff
 -0.000100047439  -0.000082165208  -0.000056964501 
 -0.000099247934  -0.000161779956   0.000016946020 
 -0.000043092709  -0.000018967168  -0.000090868720 

stress_example/CH_LDA+U.dat
  flag= 0
  Numerical stress tensor = (Utot(s+dep)-Utot(s-dep))/(2*dep)
  dep=   0.0001000000
  Stress tensor
  Analytic stress
 -0.145104330761   0.145855966420   0.083386457167 
  0.145855966420  -0.145104330770  -0.083386457172 
  0.083386457167  -0.083386457172  -0.047383560920 
  Numerical stress
 -0.145118001869   0.145893203389   0.083405763940 
  0.145893204300  -0.145118000767  -0.083405763487 
  0.083462796652  -0.083462797291  -0.047331307127 
  Diff
  0.000013671107  -0.000037236969  -0.000019306773 
 -0.000037237879   0.000013669997   0.000019306315 
 -0.000076339485   0.000076340119  -0.000052253793 

stress_example/CH_LSDA.dat
  flag= 0
  Numerical stress tensor = (Utot(s+dep)-Utot(s-dep))/(2*dep)
  dep=   0.0001000000
  Stress tensor
  Analytic stress
 -0.276313353356  -0.460706093553  -0.368557233156 
 -0.460706093553  -0.767752248411  -0.614277620128 
 -0.368557233156  -0.614277620128  -0.491670717465 
  Numerical stress
 -0.276243410466  -0.460636160935  -0.368509758637 
 -0.460619172453  -0.767634287389  -0.614314412570 
 -0.368523476353  -0.614277892153  -0.491615259852 
  Diff
 -0.000069942890  -0.000069932618  -0.000047474519 
 -0.000086921099  -0.000117961023   0.000036792443 
 -0.000033756804   0.000000272025  -0.000055457613 

stress_example/Cdia_GGA.dat
  flag= 0
  Numerical stress tensor = (Utot(s+dep)-Utot(s-dep))/(2*dep)
  dep=   0.0001000000
  Stress tensor
  Analytic stress
 -0.011938183815  -0.004141626335   0.003933763947 
 -0.004141626335  -0.055381720254  -0.088013768521 
  0.003933763947  -0.088013768521  -0.055467870820 
  Numerical stress
 -0.012861512566  -0.004185616742   0.003703711835 
 -0.004160813516  -0.056291060995  -0.087618624427 
  0.003680187923  -0.087618922997  -0.056377591644 
  Diff
  0.000923328751   0.000043990407   0.000230052112 
  0.000019187181   0.000909340741  -0.000395144094 
  0.000253576023  -0.000394845524   0.000909720824 

stress_example/Cdia_LDA.dat
  flag= 0
  Numerical stress tensor = (Utot(s+dep)-Utot(s-dep))/(2*dep)
  dep=   0.0001000000
  Stress tensor
  Analytic stress
 -0.006483702245  -0.004605627327   0.004879904752 
 -0.004605627327  -0.050413824489  -0.089550923755 
  0.004879904752  -0.089550923755  -0.050417359879 
  Numerical stress
 -0.007412304335  -0.004649926737   0.004650450229 
 -0.004624957111  -0.051327628388  -0.089158081247 
  0.004626673586  -0.089158420700  -0.051331242208 
  Diff
  0.000928602090   0.000044299410   0.000229454523 
  0.000019329784   0.000913803899  -0.000392842508 
  0.000253231166  -0.000392503055   0.000913882328 

stress_example/GaAs_GGA.dat
  flag= 0
  Numerical stress tensor = (Utot(s+dep)-Utot(s-dep))/(2*dep)
  dep=   0.0001000000
  Stress tensor
  Analytic stress
  0.011004489535  -0.023898050915  -0.023717186708 
 -0.023898050915   0.011002542449  -0.023717407920 
 -0.023717186708  -0.023717407920   0.011003488977 
  Numerical stress
  0.010547177567  -0.023896412813  -0.023897155614 
 -0.023896457293   0.010544487452  -0.023897078734 
 -0.023898658696  -0.023898570163   0.010162034414 
  Diff
  0.000457311968  -0.000001638102   0.000179968906 
 -0.000001593622   0.000458054997   0.000179670813 
  0.000181471988   0.000181162243   0.000841454563 

stress_example/GaAs_LDA.dat
  flag= 0
  Numerical stress tensor = (Utot(s+dep)-Utot(s-dep))/(2*dep)
  dep=   0.0001000000
  Stress tensor
  Analytic stress
  0.075317165985   0.000002903206  -0.000000753428 
  0.000002903206   0.075408978233   0.000003905604 
 -0.000000753428   0.000003905604   0.075343882501 
  Numerical stress
  0.074831589956   0.000005534133  -0.000002157776 
  0.000005475584   0.074993097883   0.000005985754 
 -0.000001789431   0.000006053256   0.074514735502 
  Diff
  0.000485576029  -0.000002630927   0.000001404348 
 -0.000002572378   0.000415880350  -0.000002080150 
  0.000001036003  -0.000002147652   0.000829146999 

stress_example/H2_GGA.dat
  flag= 0
  Numerical stress tensor = (Utot(s+dep)-Utot(s-dep))/(2*dep)
  dep=   0.0001000000
  Stress tensor
  Analytic stress
 -0.113930997486  -0.072079153297  -0.040051364749 
 -0.072079153297  -0.045286946238  -0.025294970673 
 -0.040051364749  -0.025294970673  -0.013772571071 
  Numerical stress
 -0.113717981641  -0.072076565383  -0.040057740955 
 -0.072074295212  -0.045390686255  -0.025290780241 
 -0.040058003212  -0.025288086336  -0.013637798468 
  Diff
 -0.000213015845  -0.000002587914   0.000006376207 
 -0.000004858085   0.000103740017  -0.000004190432 
  0.000006638463  -0.000006884337  -0.000134772602 

stress_example/H2_LDA.dat
  flag= 0
  Numerical stress tensor = (Utot(s+dep)-Utot(s-dep))/(2*dep)
  dep=   0.0001000000
  Stress tensor
  Analytic stress
 -0.116034683215  -0.073284404741  -0.040714928127 
 -0.073284404741  -0.046283834119  -0.025709528475 
 -0.040714928127  -0.025709528475  -0.014260849834 
  Numerical stress
 -0.115822257093  -0.073281767474  -0.040721836804 
 -0.073279740150  -0.046388137196  -0.025705601625 
 -0.040722080265  -0.025703029205  -0.014125787919 
  Diff
 -0.000212426122  -0.000002637267   0.000006908676 
 -0.000004664591   0.000104303077  -0.000003926850 
  0.000007152137  -0.000006499270  -0.000135061914 

stress_example/Hdia_GGA.dat
  flag= 0
  Numerical stress tensor = (Utot(s+dep)-Utot(s-dep))/(2*dep)
  dep=   0.0001000000
  Stress tensor
  Analytic stress
  0.378682073368  -0.005075625948   0.003949345995 
 -0.005075625948   0.378992855881   0.004434256461 
  0.003949345995   0.004434256461   0.380695375180 
  Numerical stress
  0.378697407842  -0.005068897282   0.003896682743 
 -0.005071430915   0.379011332383   0.004467559913 
  0.003858068838   0.004473452853   0.380685947773 
  Diff
 -0.000015334474  -0.000006728667   0.000052663252 
 -0.000004195033  -0.000018476502  -0.000033303453 
  0.000091277157  -0.000039196392   0.000009427407 

stress_example/Hdia_LDA.dat
  flag= 0
  Numerical stress tensor = (Utot(s+dep)-Utot(s-dep))/(2*dep)
  dep=   0.0001000000
  Stress tensor
  Analytic stress
  0.381978297006  -0.004886406557   0.003623707806 
 -0.004886406557   0.382303424848   0.004106201322 
  0.003623707806   0.004106201322   0.384084342046 
  Numerical stress
  0.381993576298  -0.004879442855   0.003570889233 
 -0.004882053297   0.382321840733   0.004139654689 
  0.003532266675   0.004145644792   0.384074958173 
  Diff
 -0.000015279292  -0.000006963702   0.000052818573 
 -0.000004353260  -0.000018415884  -0.000033453367 
  0.000091441131  -0.000039443469   0.000009383873 
